test error

k_DeconvAutoencoder03
epoch 20, batch 16, lr 0.001
[0.0020952998285951176, 0.0015361057273854597, 0.0013161138133685765, 0.0012198401563564666, 0.0010374907604115003, 0.0009323338150431442, 0.0009118696764125016, 0.0008602126482941642, 0.0008173949292698956, 0.0007903895879069856, 0.0008347449268288641, 0.0007831037417391612, 0.0007711671620938063, 0.0006737066685910459, 0.0007118200697679666, 0.0007830081613855841, 0.0007223661455825187, 0.0007178369189099665, 0.0007223240395103568, 0.0007177194756745914]

epoch 28, batch 16, lr 0.001(epoch 14)/0.0001(epoch 14)
[0.002013331980181291, 0.0018577091497085664, 0.0014451712958744147, 0.0011637676169798858, 0.0010956974554152323, 0.0009925856260899993, 0.0009177783786730868, 0.0008654263046860317, 0.0007792886011673651, 0.0007826932870438727, 0.0007966550807738541, 0.0008488906407391355, 0.0007798063524060653, 0.000749307169167298, 0.0006058996237908908, 0.0005720402202670178, 0.0005510436515222588, 0.0005348749231864307, 0.0005230943371197613, 0.0005123374614176219, 0.000502792472590058, 0.0004951666004658825, 0.00048817940599595505, 0.00048262703078933924, 0.0004767241387499793, 0.00047247160472434717, 0.00046809129813429564, 0.0004639750430056744]


k_DeconvAutoencoder04
epoch 20, batch 16, lr 0.001
[0.0013279410271459947, 0.0010996173659805208, 0.0010292197542224565, 0.0010406172284316542, 0.0010588907111989524, 0.0009927383250307184, 0.0009691653962152592, 0.0009403301042713819, 0.000851734815944877, 0.0007733994786141683, 0.0007689363037175297, 0.0009286535572280865, 0.0007405422148767157, 0.000769310910085999, 0.0008604280668331068, 0.0006771002448184173, 0.0006588332981809272, 0.0007359634939770119, 0.0007944822820085708, 0.0006940898256025453]

from 17 epoch 20, batch 16, lr 0.0001
[0.000693788909289203, 0.0007194568638426616, 0.0007559270576904595, 0.0007515093973885034, 0.0008029448715430023, 0.0007364990980958269, 0.0008604840790528966, 0.0007607093248752526, 0.0007482397718442793, 0.0009636434231230153, 0.0007617523871780629, 0.0007992185415207422, 0.000772896301224018, 0.0007948372078607317, 0.000815860528509011, 0.0007869829740071589, 0.0006392140167535863, 0.0007994012410273317, 0.0006846295959869589, 0.0006833050637910871]


k_DeconvAutoencoder05
epoch 20, batch 16, lr 0.001
[0.004446862278965073, 0.004836768593531156, 0.0035589506758538923, 0.003425161598884649, 0.006078717666610643, 0.008009721420408376, 0.005891351233425456, 0.004210543771530839, 0.0035233442685094433, 0.004682618085348951, 0.004373663535301128, 0.0057096130423841705, 0.003934475343566442, 0.004134921659040602, 0.0038503403859752893, 0.005907344940604399, 0.003543761894579275, 0.004459499914631032, 0.004335301847237608, 0.004595353281584339]


k_DeconvAutoencoder06
epoch 20, batch 16, lr 0.0001
train_error
[0.003491404976918705, 0.0022210035902373334, 0.0014646916019913539, 0.0017672231711524428, 0.0014764516195177014, 0.0017080773588757105, 0.0013304145536035818, 0.0015033786533444264, 0.0013509896521673357, 0.001525411670522753, 0.0014584163538514502, 0.0013282363372729407, 0.00134695018139073, 0.0017036376636850757, 0.0018591373486692509, 0.0017603807977703515, 0.0015982719086797582, 0.0012688278670378184, 0.0015317891618534779, 0.001578965849056351]

test_error
[0.00183635516061812, 0.0020145760702333696, 0.001960766521127274, 0.0019275066738043897, 0.001752928926008821, 0.0015818194774708347, 0.0018912961822934449, 0.0012162999246620398, 0.0011481525413557024, 0.0021826363323877254, 0.001826294439682818, 0.0016904582321792302, 0.0014636883743282785, 0.004331524733561969, 0.0016471404966938755, 0.0016017893693693306, 0.0016572623044603329, 0.0013416726150603938, 0.0011941025175316179, 0.0037344374484720006]

test_pnsr
[28.15254538419638, 27.795915936120313, 28.666969582037144, 28.307065350945443, 28.71391944804376, 28.826837395354517, 28.37929120723969, 29.909301026271898, 30.203558537926124, 27.55192833841854, 28.285626147615687, 28.651357601893665, 29.267544640856674, 24.930841309923235, 28.913173264947947, 28.772651837925192, 28.665440972087175, 29.551635423261875, 30.08108620386081, 25.59003485497758]

from 9 epoch 10, batch 16, lr 0.00001
train_error
[0.0013371927065713995, 0.0014604850440752633, 0.0013773470864573527, 0.0016911107380116752, 0.0012517819471812484, 0.0015002210346089285, 0.0015614491427385763, 0.0013376021088467897, 0.0022474743673637043, 0.002191568487734855]

test_error
[0.001357920210558813, 0.0012069966347105262, 0.0011644964426944869, 0.0020145264747755036, 0.001275847285506788, 0.001376511025465215, 0.0015113753590570843, 0.0025906332184736066, 0.001821035549611501, 0.001558636667787273]

test_pnsr
[29.503257211788746, 30.031929329784568, 30.18717317734715, 27.916076668217897, 30.192269688532303, 30.140018831055755, 29.05885726020912, 27.009912674741273, 28.270788189315834, 28.889562812576052]
