test error

03
epoch 20, batch 16, lr 0.001
[0.0020952998285951176, 0.0015361057273854597, 0.0013161138133685765, 0.0012198401563564666, 0.0010374907604115003, 0.0009323338150431442, 0.0009118696764125016, 0.0008602126482941642, 0.0008173949292698956, 0.0007903895879069856, 0.0008347449268288641, 0.0007831037417391612, 0.0007711671620938063, 0.0006737066685910459, 0.0007118200697679666, 0.0007830081613855841, 0.0007223661455825187, 0.0007178369189099665, 0.0007223240395103568, 0.0007177194756745914]

epoch 28, batch 16, lr 0.001(epoch 14)/0.0001(epoch 14)
[0.002013331980181291, 0.0018577091497085664, 0.0014451712958744147, 0.0011637676169798858, 0.0010956974554152323, 0.0009925856260899993, 0.0009177783786730868, 0.0008654263046860317, 0.0007792886011673651, 0.0007826932870438727, 0.0007966550807738541, 0.0008488906407391355, 0.0007798063524060653, 0.000749307169167298, 0.0006058996237908908, 0.0005720402202670178, 0.0005510436515222588, 0.0005348749231864307, 0.0005230943371197613, 0.0005123374614176219, 0.000502792472590058, 0.0004951666004658825, 0.00048817940599595505, 0.00048262703078933924, 0.0004767241387499793, 0.00047247160472434717, 0.00046809129813429564, 0.0004639750430056744]


04
epoch 20, batch 16, lr 0.001
[0.0013279410271459947, 0.0010996173659805208, 0.0010292197542224565, 0.0010406172284316542, 0.0010588907111989524, 0.0009927383250307184, 0.0009691653962152592, 0.0009403301042713819, 0.000851734815944877, 0.0007733994786141683, 0.0007689363037175297, 0.0009286535572280865, 0.0007405422148767157, 0.000769310910085999, 0.0008604280668331068, 0.0006771002448184173, 0.0006588332981809272, 0.0007359634939770119, 0.0007944822820085708, 0.0006940898256025453]

from 17 epoch 20, batch 16, lr 0.0001
[0.000693788909289203, 0.0007194568638426616, 0.0007559270576904595, 0.0007515093973885034, 0.0008029448715430023, 0.0007364990980958269, 0.0008604840790528966, 0.0007607093248752526, 0.0007482397718442793, 0.0009636434231230153, 0.0007617523871780629, 0.0007992185415207422, 0.000772896301224018, 0.0007948372078607317, 0.000815860528509011, 0.0007869829740071589, 0.0006392140167535863, 0.0007994012410273317, 0.0006846295959869589, 0.0006833050637910871]

05
epoch 20, batch 16, lr 0.001
